1.320944304074725580e-03
3.314951734597197316e-03
5.680342936763536216e-03
8.341269241301151049e-03
1.125470631532141455e-02
1.439568222283558324e-02
1.774926339522578389e-02
2.130681165624950454e-02
2.506402020222029889e-02
2.901978698328165282e-02
3.317552762895473878e-02
3.753473987843555099e-02
4.210272246153869136e-02
4.688639481663213482e-02
5.189418645850743528e-02
5.713597716684377936e-02
6.262307637246734837e-02
6.836823454664507638e-02
7.438568226427832997e-02
8.069119457257345474e-02
8.730217972585380126e-02
9.423779246761518347e-02
1.015190729932917424e-01
1.091691136066480355e-01
1.172132559595181200e-01
1.256793226965106092e-01
1.345978883669842197e-01
1.440025956711630528e-01
1.539305245380435949e-01
